54197
47791
2837
17931
33458
36960
36617
25417
36682
38058
26046
43403
57449
56033
42224
37575
46041
44829
18715
2533
36244
53809
38359
40217
21868
6520
51901
5005
46199
31157
1824
63048
37892
40516
1415
60374
102
62061
33862
47077
54544
39551
65170
27043
48067
43120
13682
33203
31275
17981
19456
33326
63320
51381
32586
60366
54963
20511
27169
55720
38902
2654
64153
17710
45629
43654
18441
8691
23027
57369
22056
11895
54901
40431
7619
56802
43938
33879
53238
37006
9698
31100
47719
11952
43609
57427
56016
35711
38913
22257
29780
43473
28702
480
62809
48325
46004
53463
20448
23517
30775
18231
21281
19282
65229
49056
49211
903
10886
22911
62121
61465
13973
3992
21477
8882
52864
5634
62622
31685
43786
47663
37791
39431
20781
51501
59245
20863
55487
52455
930
39000
30882
16703
47935
47683
61863
61621
13001
39416
32606
52847
3346
28005
21936
23227
10271
1426
7667
36629
